lrwxr-xr-x. 1 brlgomez users 72 Jan 17 16:38 lab2 -> /afs/cats.ucsc.edu/users/u/brlgomez/12b/Labs-cmps012m/lab2u-unix-shells/
  File: `lab2' -> `/afs/cats.ucsc.edu/users/u/brlgomez/12b/Labs-cmps012m/lab2u-unix-shells/'
  Size: 72        	Blocks: 2          IO Block: 4096   symbolic link
Device: 16h/22d	Inode: 1516766436  Links: 1
Access: (0755/lrwxr-xr-x)  Uid: (36339/brlgomez)   Gid: (  101/   users)
Access: 2014-01-17 16:38:48.000000000 -0800
Modify: 2014-01-17 16:38:48.000000001 -0800
Change: 2014-01-17 16:38:48.000000000 -0800
